---
version:
  config: 1511533844
  puppet: 4.10.4
resources:
  changed: 0
  corrective_change: 0
  failed: 0
  failed_to_restart: 0
  out_of_sync: 0
  restarted: 0
  scheduled: 0
  skipped: 0
  total: 609
time:
  anchor: 0.001109825
  augeas: 0.629768004
  concat_file: 0.0022945530000000004
  concat_fragment: 0.009538266
  config_retrieval: 12.021087644
  cron: 0.001636322
  exec: 0.29399964199999995
  file: 3.463298635999999
  file_line: 0.000329625
  filebucket: 0.000167382
  group: 0.001167904
  ini_setting: 0.0017872489999999999
  mailalias: 0.000259099
  package: 3.813067046
  schedule: 0.0006040469999999999
  service: 0.591955702
  ssh_authorized_key: 0.002491595
  ssh_config: 0.038925074000000004
  sshd_config: 0.161794958
  sshd_config_subsystem: 0.049648174
  sysctl: 0.011432150999999998
  sysctl_runtime: 0.010142195
  total: 21.148952086999998
  user: 0.03450694
  yumrepo: 0.007940053999999998
  last_run: 1511533885
changes:
  total: 0
events:
  failure: 0
  success: 0
  total: 0
